0 1 2 52
1 2 2 55
2 1 0 50
3 2 0 17
4 0 2 10
5 2 1 57
6 2 2 71
7 1 0 25
8 0 1 0
9 2 2 18
10 0 0 9
11 2 0 14
12 0 1 82
13 2 1 63
14 0 2 36
15 2 0 50
16 2 0 85
17 0 2 99
18 2 1 32
19 0 0 10
20 2 2 85
21 0 1 4
22 2 1 60
23 2 2 95
24 2 1 49
25 0 0 72
26 2 2 17
27 1 0 65
28 0 2 6
29 0 1 82
30 1 2 4
31 2 1 56
32 0 2 52
33 0 1 39
34 1 2 2
35 2 2 48
36 2 1 79
37 1 2 19
38 0 0 49
39 0 2 25
40 1 2 65
41 0 2 92
42 0 1 58
43 1 0 92
44 0 2 61
45 0 1 58
46 2 2 71
47 2 2 72
48 2 1 73
49 1 1 55
50 1 2 19
51 1 0 14
52 1 0 29
53 0 1 39
54 1 0 85
55 2 1 84
56 1 0 14
57 2 1 79
58 0 0 80
59 2 2 51
60 0 0 90
61 0 0 67
62 1 0 9
63 2 2 39
64 0 1 34
65 0 2 50
66 2 2 26
67 0 1 50
68 2 0 77
69 0 0 54
70 1 1 69
71 2 1 58
72 0 0 29
73 1 2 92
74 1 2 100
75 0 1 72
76 1 2 24
77 1 1 65
78 0 1 1
79 2 0 82
80 2 2 86
81 0 0 29
82 1 2 78
83 2 0 60
84 1 1 9
85 0 2 100
86 1 2 72
87 0 2 62
88 2 1 57
89 0 1 14
90 2 1 92
91 2 0 41
92 0 2 82
93 1 1 55
94 2 0 63
95 0 0 85
96 1 2 43
97 2 1 6
98 0 2 59
99 2 1 93
100 0 1 6
101 1 0 68
102 0 2 47
103 2 2 4
104 2 2 20
105 0 1 68
106 0 1 65
107 0 1 65
108 0 2 21
109 0 1 44
110 2 2 44
111 1 2 99
112 2 2 90
113 0 1 38
114 2 2 82
115 0 1 41
116 2 0 6
117 1 0 17
118 0 2 78
119 1 0 74
120 2 2 90
121 0 0 23
122 1 2 83
123 2 1 92
124 1 2 19
125 1 0 4
126 1 1 60
127 0 1 67
128 2 0 71
129 0 0 52
130 2 0 55
131 1 2 5
132 2 1 10
133 0 0 82
134 0 1 68
135 0 1 96
136 2 2 20
137 0 1 46
138 0 1 40
139 1 2 15
140 1 1 12
141 1 1 34
142 0 2 69
143 1 2 84
144 2 1 10
145 2 2 71
146 2 2 11
147 2 0 87
148 1 2 89
149 0 0 13
150 2 2 47
151 0 0 73
152 0 1 55
153 1 1 60
154 1 1 60
155 0 0 49
156 0 2 0
157 2 0 5
158 2 0 36
159 2 1 29
160 0 0 62
161 1 0 25
162 0 1 99
163 1 0 17
164 2 1 86
165 1 2 19
166 0 2 26
167 1 0 75
168 0 2 75
169 0 2 20
170 1 2 44
171 0 0 64
172 1 1 40
173 2 1 70
174 0 2 57
175 0 0 13
176 0 0 47
177 0 2 67
178 0 2 47
179 0 2 88
180 1 2 93
181 0 0 7
182 1 2 11
183 0 0 47
184 1 0 93
185 1 1 75
186 2 1 86
187 2 0 94
188 2 2 19
189 0 2 64
190 2 0 33
191 0 0 97
192 0 0 36
193 1 2 15
194 2 0 9
195 2 0 54
196 2 1 0
197 0 2 78
198 2 0 12
199 1 1 54
200 1 2 93
201 2 0 4
202 0 0 17
203 0 1 22
204 1 0 77
205 1 1 87
206 0 0 19
207 1 1 85
208 0 0 78
209 2 1 67
210 1 2 50
211 2 1 33
212 0 1 37
213 1 2 57
214 1 0 67
215 2 0 0
216 2 1 35
217 0 2 25
218 1 1 50
219 0 0 53
220 1 2 33
221 1 1 6
222 2 0 91
223 0 0 73
224 0 2 31
225 2 2 20
226 1 2 52
227 2 2 61
228 0 2 15
229 0 2 93
230 0 2 97
231 0 1 40
232 2 0 56
233 1 0 87
234 0 0 48
235 2 2 7
236 2 2 84
237 0 1 81
238 0 0 65
239 2 0 69
240 2 1 56
241 2 2 92
242 1 0 73
243 1 0 99
244 0 1 85
245 2 2 9
246 2 2 32
247 0 1 82
248 0 2 16
249 1 2 72
250 1 1 41
251 0 0 93
252 1 0 20
253 2 1 35
254 1 0 39
255 0 2 6
256 1 0 44
257 1 0 25
258 2 1 59
259 2 2 17
260 2 0 21
261 2 0 59
262 1 1 43
263 0 1 81
264 2 2 45
265 1 1 14
266 0 0 98
267 1 1 22
268 0 0 48
269 0 2 38
270 2 0 77
271 1 1 65
272 0 0 88
273 1 1 39
274 0 1 47
275 0 1 41
276 1 1 41
277 0 2 26
278 1 1 36
279 2 1 0
280 1 1 60
281 0 2 12
282 2 2 70
283 0 0 78
284 1 1 46
285 0 0 6
286 0 2 70
287 0 2 38
288 0 1 95
289 1 0 24
290 2 2 97
291 1 1 14
292 1 0 55
293 2 0 5
294 2 0 5
295 2 1 93
296 1 0 14
297 1 1 47
298 2 0 4
299 1 0 98
300 0 2 32
301 0 1 90
302 2 2 51
303 2 2 34
304 1 1 86
305 0 1 67
306 2 2 78
307 2 2 38
308 1 2 32
309 1 0 67
310 2 0 22
311 2 1 50
312 0 2 100
313 1 1 30
314 0 2 62
315 0 0 69
316 1 0 55
317 1 0 53
318 0 0 10
319 0 1 66
320 1 0 6
321 0 1 78
322 1 2 64
323 1 0 31
324 2 0 27
325 0 1 68
326 2 2 79
327 1 2 58
328 2 0 53
329 2 2 43
330 2 2 37
331 1 2 0
332 0 2 5
333 1 1 49
334 2 0 26
335 1 2 23
336 0 0 61
337 0 2 4
338 0 2 81
339 1 0 96
340 0 1 52
341 2 0 90
342 2 2 14
343 0 1 5
344 1 1 77
345 0 2 88
346 2 1 16
347 1 0 5
348 2 2 86
349 0 2 64
350 0 2 44
351 1 0 95
352 0 2 98
353 2 0 11
354 0 1 18
355 0 1 25
356 0 2 61
357 2 2 50
358 2 2 81
359 0 0 38
360 0 1 49
361 1 0 6
362 1 1 31
363 2 1 70
364 2 0 84
365 0 1 38
366 0 2 65
367 2 2 76
368 1 2 2
369 1 1 80
370 2 1 7
371 0 2 80
372 0 0 67
373 0 2 91
374 2 1 84
375 2 2 72
376 1 2 10
377 2 1 6
378 1 1 41
379 1 0 28
380 0 2 46
381 2 0 18
382 1 0 37
383 2 1 50
384 0 0 85
385 1 2 35
386 1 0 32
387 1 1 11
388 2 1 27
389 0 1 88
390 2 2 23
391 2 1 63
392 1 2 89
393 1 2 25
394 0 1 93
395 1 1 12
396 2 2 14
397 1 0 67
398 0 1 60
399 0 0 28
400 0 1 11
401 0 1 100
402 2 2 85
403 0 1 77
404 2 0 8
405 1 0 67
406 1 2 18
407 2 1 32
408 2 0 83
409 1 1 60
410 1 2 79
411 0 0 70
412 2 2 84
413 0 1 9
414 1 1 66
415 0 1 80
416 0 1 85
417 1 1 16
418 1 0 37
419 2 1 13
420 2 1 91
421 1 0 74
422 1 0 6
423 0 2 34
424 0 1 38
425 2 1 19
426 1 2 2
427 2 0 29
428 2 1 89
429 1 1 5
430 0 2 45
431 0 2 83
432 0 2 47
433 1 1 39
434 1 0 100
435 0 0 47
436 1 1 28
437 0 0 86
438 0 2 97
439 2 1 85
440 2 2 23
441 0 0 31
442 0 1 27
443 0 0 6
444 0 2 5
445 0 2 31
446 0 2 92
447 1 0 68
448 1 2 26
449 1 1 93
450 0 0 62
451 2 1 91
452 2 0 68
453 1 0 7
454 0 2 82
455 1 2 47
456 2 1 8
457 2 2 28
458 1 2 11
459 2 0 30
460 0 2 100
461 0 0 43
462 2 2 32
463 1 1 20
464 1 2 58
465 0 2 53
466 2 1 10
467 2 0 93
468 0 2 55
469 0 1 50
470 1 2 37
471 0 1 90
472 2 2 13
473 2 2 52
474 0 2 28
475 0 0 39
476 1 2 45
477 2 1 44
478 0 2 92
479 1 0 5
480 1 0 3
481 2 1 84
482 2 2 64
483 2 2 65
484 0 2 3
485 0 1 30
486 2 0 92
487 1 1 48
488 2 2 23
489 0 0 44
490 0 1 39
491 2 1 1
492 0 0 4
493 1 1 32
494 2 0 98
495 2 0 40
496 0 2 78
497 0 0 22
498 1 2 73
499 2 1 92
500 0 2 100
501 2 2 23
502 0 0 38
503 1 1 60
504 0 1 99
505 0 1 46
506 2 1 35
507 1 0 76
508 2 1 88
509 0 2 37
510 2 1 80
511 0 1 15
512 1 2 7
513 1 2 60
514 0 2 39
515 0 2 89
516 0 0 24
517 1 0 24
518 1 0 95
519 2 1 60
520 1 1 50
521 0 2 21
522 1 2 12
523 1 0 81
524 1 0 59
525 1 0 7
526 0 1 17
527 0 0 21
528 0 1 42
529 1 2 66
530 2 1 68
531 1 1 66
532 2 2 22
533 0 1 88
534 0 2 36
535 0 1 48
536 2 2 10
537 1 0 50
538 0 1 90
539 0 0 65
540 0 1 18
541 1 2 38
542 0 2 33
543 1 1 2
544 0 1 32
545 2 1 68
546 2 1 10
547 1 2 42
548 0 0 15
549 1 0 80
550 1 2 12
551 2 1 64
552 1 1 30
553 0 0 39
554 2 1 71
555 0 0 11
556 0 2 1
557 2 1 41
558 0 2 40
559 0 2 23
560 0 1 77
561 2 1 30
562 0 1 5
563 1 1 33
564 1 2 76
565 2 2 13
566 0 1 48
567 0 1 95
568 0 2 57
569 0 0 29
570 2 1 72
571 1 2 80
572 0 2 7
573 1 2 59
574 0 1 95
575 0 1 73
576 1 0 71
577 2 0 40
578 0 1 61
579 0 0 0
580 1 2 15
581 1 1 15
582 2 1 71
583 0 2 40
584 0 2 47
585 0 1 77
586 1 1 100
587 2 0 33
588 0 1 60
589 2 2 19
590 2 1 71
591 0 2 1
592 0 0 13
593 2 0 19
594 0 2 80
595 0 1 65
596 0 1 31
597 1 1 74
598 2 0 92
599 2 2 35
600 1 0 20
601 2 1 58
602 0 0 52
603 2 0 41
604 2 2 100
605 1 0 37
606 0 1 91
607 2 0 92
608 1 0 40
609 0 0 71
610 1 0 29
611 2 2 76
612 1 1 59
613 0 0 55
614 0 2 60
615 1 1 24
616 2 0 94
617 1 1 52
618 0 2 72
619 2 0 76
620 0 1 87
621 1 0 54
622 2 2 45
623 0 1 88
624 2 2 31
625 1 1 26
626 2 2 72
627 2 0 68
628 2 1 36
629 0 2 54
630 1 1 60
631 2 2 32
632 2 0 51
633 0 0 14
634 2 0 2
635 0 0 15
636 2 0 65
637 2 2 94
638 0 2 56
639 0 0 80
640 1 2 34
641 1 1 56
642 1 2 39
643 0 2 16
644 1 2 64
645 2 0 34
646 0 2 21
647 0 2 57
648 1 1 60
649 2 2 30
650 1 0 17
651 0 2 49
652 1 1 69
653 1 0 95
654 2 0 24
655 1 1 22
656 2 1 13
657 0 0 76
658 1 1 73
659 0 2 27
660 1 2 86
661 1 1 83
662 0 1 13
663 1 0 3
664 1 0 85
665 2 2 82
666 1 0 14
667 2 1 48
668 2 0 9
669 1 2 41
670 1 0 36
671 0 1 49
672 2 2 61
673 2 0 64
674 1 2 49
675 2 0 5
676 0 2 47
677 2 2 69
678 2 1 19
679 1 2 49
680 0 2 89
681 0 1 87
682 0 1 12
683 0 0 85
684 2 2 99
685 2 2 47
686 1 1 99
687 2 0 57
688 2 0 8
689 2 2 64
690 1 1 44
691 1 0 38
692 2 2 19
693 0 1 18
694 2 1 62
695 2 1 63
696 2 0 55
697 1 0 87
698 2 1 100
699 2 2 77
700 2 1 33
701 0 0 32
702 1 0 97
703 0 2 20
704 0 2 92
705 1 2 42
706 1 1 72
707 1 1 81
708 2 1 92
709 0 0 84
710 2 0 43
711 1 2 55
712 2 1 50
713 1 0 64
714 2 1 15
715 2 2 93
716 1 2 71
717 2 2 33
718 2 0 40
719 1 0 34
720 1 0 1
721 0 1 55
722 1 2 65
723 2 0 44
724 0 1 10
725 0 1 11
726 0 0 13
727 1 2 51
728 1 0 53
729 0 0 27
730 1 2 23
731 1 0 47
732 1 2 80
733 1 2 52
734 2 1 10
735 0 2 24
736 1 1 85
737 2 1 28
738 0 0 69
739 2 2 93
740 2 2 15
741 1 2 17
742 2 2 11
743 1 0 9
744 2 2 76
745 2 2 23
746 1 1 18
747 1 1 10
748 2 1 74
749 1 0 50
750 1 1 60
751 0 2 27
752 2 1 19
753 0 0 91
754 1 2 15
755 1 0 87
756 2 0 8
757 0 1 62
758 1 1 81
759 0 2 57
760 0 1 6
761 0 1 48
762 2 2 43
763 1 1 63
764 2 1 96
765 1 1 57
766 1 0 49
767 0 0 13
768 1 1 21
769 1 2 14
770 1 2 50
771 0 1 79
772 0 0 69
773 0 0 81
774 2 0 41
775 0 1 9
776 0 1 73
777 1 0 76
778 2 0 81
779 2 2 67
780 1 1 59
781 0 2 88
782 1 1 59
783 0 2 42
784 2 0 38
785 0 1 40
786 1 0 31
787 1 1 98
788 2 0 67
789 2 2 28
790 1 2 43
791 1 2 48
792 1 0 34
793 2 1 22
794 0 2 9
795 1 1 69
796 0 0 82
797 1 2 7
798 2 1 99
799 1 2 38
800 2 0 62
801 1 1 87
802 1 2 73
803 0 1 79
804 0 1 50
805 1 0 62
806 1 0 11
807 1 0 10
808 1 1 77
809 1 2 53
810 0 0 25
811 2 1 87
812 1 0 17
813 1 2 46
814 0 2 18
815 2 1 100
816 0 0 2
817 2 1 86
818 0 2 17
819 1 0 13
820 2 0 64
821 1 2 99
822 0 0 34
823 0 0 92
824 2 2 0
825 0 0 65
826 0 0 8
827 0 1 21
828 0 1 37
829 2 2 45
830 1 0 72
831 0 1 64
832 2 0 48
833 0 2 84
834 1 0 47
835 2 2 38
836 2 0 65
837 0 1 73
838 0 0 36
839 0 1 30
840 2 2 78
841 1 2 92
842 2 2 59
843 0 0 82
844 2 2 54
845 2 0 95
846 1 0 48
847 2 2 17
848 1 2 8
849 0 2 41
850 2 2 88
851 2 0 55
852 0 1 42
853 1 0 62
854 0 2 13
855 1 1 33
856 2 2 45
857 0 2 86
858 2 0 44
859 0 2 31
860 1 1 6
861 0 0 11
862 2 1 97
863 0 1 90
864 1 2 5
865 1 2 88
866 2 1 17
867 0 0 95
868 2 1 43
869 1 0 27
870 2 0 94
871 0 0 26
872 2 2 55
873 0 1 17
874 0 0 42
875 0 0 27
876 1 1 98
877 0 2 2
878 2 0 36
879 2 1 39
880 0 0 79
881 1 2 5
882 1 0 44
883 2 1 1
884 0 2 34
885 1 0 37
886 0 0 2
887 1 1 54
888 2 0 45
889 0 0 45
890 0 1 84
891 2 2 85
892 2 1 49
893 1 0 5
894 0 1 50
895 1 0 41
896 2 1 10
897 2 0 48
898 1 1 87
899 1 1 2
900 2 1 90
901 1 1 69
902 2 1 37
903 2 1 31
904 1 1 33
905 1 2 65
906 2 1 63
907 2 1 86
908 1 2 19
909 2 2 54
910 1 2 76
911 1 1 51
912 1 0 94
913 1 0 16
914 0 2 15
915 1 0 6
916 0 1 58
917 1 1 63
918 2 2 10
919 1 2 45
920 0 1 92
921 0 0 73
922 0 1 85
923 2 0 25
924 0 1 25
925 0 0 48
926 0 2 92
927 1 2 88
928 2 2 1
929 2 1 3
930 2 2 72
931 0 0 53
932 0 1 57
933 2 1 63
934 2 1 77
935 0 1 93
936 1 1 18
937 0 2 24
938 2 1 93
939 1 1 29
940 0 2 17
941 2 0 57
942 1 2 10
943 0 2 67
944 1 0 86
945 0 0 87
946 2 1 27
947 2 0 48
948 2 2 66
949 0 1 42
950 0 2 4
951 2 2 81
952 0 2 59
953 0 1 17
954 2 2 4
955 1 2 37
956 1 2 20
957 0 1 28
958 1 2 21
959 0 1 80
960 1 0 67
961 2 1 84
962 0 2 26
963 0 1 93
964 1 2 89
965 0 2 46
966 1 1 3
967 1 2 89
968 2 2 91
969 2 0 58
970 1 2 23
971 2 0 1
972 2 2 89
973 1 2 90
974 1 1 58
975 1 1 64
976 0 0 90
977 1 1 9
978 0 0 52
979 0 0 5
980 2 0 73
981 0 0 84
982 2 1 16
983 1 0 43
984 1 1 29
985 0 1 15
986 2 1 68
987 0 2 7
988 1 2 95
989 2 1 64
990 2 0 88
991 0 0 51
992 1 1 24
993 2 0 90
994 1 2 76
995 1 1 83
996 2 0 83
997 1 2 98
998 2 0 2
999 1 1 76
